1.59999728202819824219
1.20000243186950683594
0.900000333786010742188
0.699996948242187500000
0.700002908706665039062
0.699996948242187500000
0.700002908706665039062
0.599998235702514648438
0.699996948242187500000
0.700002908706665039062
0.599998235702514648438
0.700002908706665039062
0.599998235702514648438
0.699996948242187500000
0.600004196166992187500
0.699996948242187500000
0.600004196166992187500
0.699996948242187500000
0.599998235702514648438
0.700002908706665039062
0.599998235702514648438
0.700002908706665039062
0.599998235702514648438
0.599998235702514648438
0.700002908706665039062
0.699996948242187500000
0.600004196166992187500
0.599998235702514648438
0.699996948242187500000
0.600004196166992187500
0.699996948242187500000
0.600004196166992187500
0.699996948242187500000
0.599998235702514648438
0.600004196166992187500
0.699996948242187500000
0.599998235702514648438
0.700002908706665039062
0.599998235702514648438
0.700002908706665039062
0.599998235702514648438
0.599998235702514648438
0.700002908706665039062
0.699996948242187500000
0.600004196166992187500
0.699996948242187500000
0.599998235702514648438
0.600004196166992187500
0.699996948242187500000
0.600004196166992187500
0.699996948242187500000
0.599998235702514648438
0.700002908706665039062
0.599998235702514648438
0.600004196166992187500
0.699996948242187500000
0.599998235702514648438
0.700002908706665039062
0.599998235702514648438
0.700002908706665039062
0.599998235702514648438
0.599998235702514648438
0.600004196166992187500
0.699996948242187500000
0.700002908706665039062
0.599998235702514648438
0.699996948242187500000
0.600004196166992187500
0.699996948242187500000
0.599998235702514648438
0.700002908706665039062
0.599998235702514648438
0.700002908706665039062
0.599998235702514648438
0.700002908706665039062
0.599998235702514648438
0.599998235702514648438
0.700002908706665039062
0.499999523162841796875
0.800001621246337890625
0.599998235702514648438
0.699996948242187500000
0.600004196166992187500
0.599998235702514648438
0.699996948242187500000
0.600004196166992187500
0.699996948242187500000
0.600004196166992187500
0.599998235702514648438
0.699996948242187500000
0.600004196166992187500
0.599998235702514648438
0.699996948242187500000
0.600004196166992187500
0.699996948242187500000
0.700002908706665039062
0.599998235702514648438
0.599998235702514648438
0.700002908706665039062
0.599998235702514648438
