1.80000066757202148438
1.19999647140502929688
0.800001621246337890625
0.700002908706665039062
0.799995660781860351562
0.700002908706665039062
0.799995660781860351562
0.700002908706665039062
0.700002908706665039062
0.799995660781860351562
0.700002908706665039062
0.699996948242187500000
0.700002908706665039062
0.800001621246337890625
0.699996948242187500000
0.800001621246337890625
0.699996948242187500000
0.700002908706665039062
0.800001621246337890625
0.699996948242187500000
0.800001621246337890625
0.699996948242187500000
0.700002908706665039062
0.699996948242187500000
0.700002908706665039062
0.699996948242187500000
0.700002908706665039062
0.699996948242187500000
0.700002908706665039062
0.800001621246337890625
0.799995660781860351562
0.800001621246337890625
0.900000333786010742188
0.900000333786010742188
0.900000333786010742188
0.900000333786010742188
0.800001621246337890625
0.799995660781860351562
0.900000333786010742188
0.800001621246337890625
0.900000333786010742188
0.800001621246337890625
0.699996948242187500000
0.800001621246337890625
0.699996948242187500000
0.600004196166992187500
0.699996948242187500000
0.700002908706665039062
0.699996948242187500000
0.599998235702514648438
0.600004196166992187500
0.699996948242187500000
0.600004196166992187500
0.699996948242187500000
0.599998235702514648438
0.700002908706665039062
0.599998235702514648438
0.700002908706665039062
0.599998235702514648438
0.700002908706665039062
1.49999856948852539062
0.799995660781860351562
0.700002908706665039062
0.700002908706665039062
0.699996948242187500000
0.700002908706665039062
0.699996948242187500000
0.700002908706665039062
0.799995660781860351562
0.700002908706665039062
0.699996948242187500000
0.700002908706665039062
0.699996948242187500000
0.700002908706665039062
0.699996948242187500000
0.600004196166992187500
0.699996948242187500000
0.599998235702514648438
0.800001621246337890625
0.499999523162841796875
0.700002908706665039062
0.599998235702514648438
0.700002908706665039062
0.699996948242187500000
0.700002908706665039062
0.599998235702514648438
0.599998235702514648438
0.700002908706665039062
0.599998235702514648438
0.700002908706665039062
0.599998235702514648438
0.699996948242187500000
0.600004196166992187500
0.699996948242187500000
0.599998235702514648438
0.700002908706665039062
0.599998235702514648438
0.700002908706665039062
0.699996948242187500000
0.600004196166992187500
0.999999046325683593750
0.900000333786010742188
0.900000333786010742188
0.699996948242187500000
0.800001621246337890625
0.900000333786010742188
0.800001621246337890625
0.799995660781860351562
0.900000333786010742188
0.800001621246337890625
0.800001621246337890625
0.999999046325683593750
0.800001621246337890625
0.799995660781860351562
0.700002908706665039062
0.699996948242187500000
0.800001621246337890625
0.700002908706665039062
0.699996948242187500000
0.800001621246337890625
0.699996948242187500000
0.800001621246337890625
0.700002908706665039062
0.699996948242187500000
0.700002908706665039062
0.699996948242187500000
0.800001621246337890625
0.699996948242187500000
0.800001621246337890625
0.800001621246337890625
0.800001621246337890625
0.799995660781860351562
0.700002908706665039062
0.800001621246337890625
0.899994373321533203125
0.600004196166992187500
0.699996948242187500000
0.600004196166992187500
0.699996948242187500000
0.599998235702514648438
0.700002908706665039062
0.599998235702514648438
0.700002908706665039062
0.599998235702514648438
0.700002908706665039062
0.599998235702514648438
0.699996948242187500000
0.600004196166992187500
0.699996948242187500000
0.599998235702514648438
0.700002908706665039062
0.599998235702514648438
0.700002908706665039062
0.599998235702514648438
0.700002908706665039062
0.599998235702514648438
0.699996948242187500000
0.600004196166992187500
0.699996948242187500000
0.599998235702514648438
0.700002908706665039062
0.599998235702514648438
0.700002908706665039062
0.599998235702514648438
0.700002908706665039062
0.599998235702514648438
0.699996948242187500000
0.600004196166992187500
0.699996948242187500000
0.600004196166992187500
0.699996948242187500000
0.599998235702514648438
0.600004196166992187500
0.699996948242187500000
0.599998235702514648438
0.700002908706665039062
0.599998235702514648438
0.700002908706665039062
0.499999523162841796875
0.699996948242187500000
0.600004196166992187500
0.699996948242187500000
0.599998235702514648438
0.700002908706665039062
0.599998235702514648438
0.700002908706665039062
0.599998235702514648438
0.700002908706665039062
0.599998235702514648438
0.699996948242187500000
0.700002908706665039062
0.599998235702514648438
0.599998235702514648438
0.700002908706665039062
0.599998235702514648438
0.700002908706665039062
0.599998235702514648438
0.700002908706665039062
0.599998235702514648438
0.599998235702514648438
